33.96428680419922
34.07143020629883
34.0
33.92857360839844
33.92857360839844
34.01785659790039
33.89285659790039
34.01785659790039
33.96428680419922
33.94643020629883
33.94643020629883
33.96428680419922
34.07143020629883
33.96428680419922
34.07143020629883
34.0
34.0
34.07143020629883
33.98214340209961
33.98214340209961
34.0
33.92857360839844
33.98214340209961
33.98214340209961
34.01785659790039
34.07143020629883
33.94643020629883
34.10714340209961
33.96428680419922
33.98214340209961
34.125
34.19643020629883
34.125
34.07143020629883
34.125
34.125
34.14285659790039
34.23214340209961
34.08928680419922
34.125
34.17857360839844
34.08928680419922
34.125
34.05357360839844
34.10714340209961
34.23214340209961
34.14285659790039
34.14285659790039
34.16071319580078
34.28571319580078
34.17857360839844
34.25
34.25
34.21428680419922
34.21428680419922
34.25
34.25
34.17857360839844
34.21428680419922
34.17857360839844
34.125
34.14285659790039
34.32143020629883
34.16071319580078
34.23214340209961
34.33928680419922
34.28571319580078
34.28571319580078
34.14285659790039
34.33928680419922
34.375
34.30357360839844
34.26785659790039
34.19643020629883
34.26785659790039
34.30357360839844
34.35714340209961
34.23214340209961
34.33928680419922
34.25
34.28571319580078
34.33928680419922
34.375
34.41071319580078
34.375
34.46428680419922
34.28571319580078
34.33928680419922
34.375
34.375
34.375
34.39285659790039
34.375
34.44643020629883
34.35714340209961
34.46428680419922
34.42857360839844
34.48214340209961
34.42857360839844
34.44643020629883
34.33928680419922
34.375
34.44643020629883
34.46428680419922
34.44643020629883
34.41071319580078
34.375
34.375
34.44643020629883
34.42857360839844
34.46428680419922
34.5
34.5
34.60714340209961
34.51785659790039
34.58928680419922
34.58928680419922
34.51785659790039
34.53571319580078
34.53571319580078
34.44643020629883
34.51785659790039
34.5
34.51785659790039
34.55357360839844
34.53571319580078
34.51785659790039
34.625
34.625
34.60714340209961
34.64285659790039
34.69643020629883
34.73214340209961
34.73214340209961
34.66071319580078
34.76785659790039
34.75
34.71428680419922
34.66071319580078
34.78571319580078
34.69643020629883
34.78571319580078
34.73214340209961
34.82143020629883
34.875
34.76785659790039
34.76785659790039
34.875
34.83928680419922
34.73214340209961
34.83928680419922
34.85714340209961
34.96428680419922
34.85714340209961
35.05357360839844
34.96428680419922
34.96428680419922
35.07143020629883
34.96428680419922
35.10714340209961
35.05357360839844
35.05357360839844
35.07143020629883
35.125
35.125
35.10714340209961
35.14285659790039
35.23214340209961
35.26785659790039
35.19643020629883
35.28571319580078
35.25
35.41071319580078
35.39285659790039
35.33928680419922
35.39285659790039
35.48214340209961
35.46428680419922
35.42857360839844
35.44643020629883
35.375
35.44643020629883
35.5
35.51785659790039
35.48214340209961
35.5
35.57143020629883
35.66071319580078
35.625
35.55357360839844
35.64285659790039
35.60714340209961
35.64285659790039
35.73214340209961
35.75
35.85714340209961
35.85714340209961
35.80357360839844
35.80357360839844
35.69643020629883
35.80357360839844
35.78571319580078
35.83928680419922
35.80357360839844
35.73214340209961
35.91071319580078
35.98214340209961
35.89285659790039
36.03571319580078
36.01785659790039
36.03571319580078
35.92857360839844
36.03571319580078
36.03571319580078
36.08928680419922
36.10714340209961
36.17857360839844
36.26785659790039
36.23214340209961
36.23214340209961
36.25
36.19643020629883
36.39285659790039
36.28571319580078
36.28571319580078
36.32143020629883
36.30357360839844
36.42857360839844
36.48214340209961
36.46428680419922
36.46428680419922
36.48214340209961
36.48214340209961
36.53571319580078
36.53571319580078
36.58928680419922
36.66071319580078
36.55357360839844
36.53571319580078
36.57143020629883
36.66071319580078
36.642860412597656
36.75
36.58928680419922
36.71428680419922
36.80357360839844
36.78571319580078
36.73214340209961
36.80357360839844
36.767860412597656
36.85714340209961
36.80357360839844
36.82143020629883
36.82143020629883
36.82143020629883
36.83928680419922
36.83928680419922
36.92857360839844
36.875
36.94643020629883
36.98214340209961
37.017860412597656
36.92857360839844
37.05357360839844
37.10714340209961
37.07143020629883
37.017860412597656
37.125
37.17857360839844
37.125
37.19643020629883
37.142860412597656
37.21428680419922
37.17857360839844
37.10714340209961
37.08928680419922
37.28571319580078
37.19643020629883
37.32143020629883
37.21428680419922
37.375
37.267860412597656
37.19643020629883
37.25
37.23214340209961
37.30357360839844
37.32143020629883
37.35714340209961
37.33928680419922
37.30357360839844
37.267860412597656
37.41071319580078
37.48214340209961
37.44643020629883
37.42857360839844
37.5
37.53571319580078
37.53571319580078
37.58928680419922
37.625
37.55357360839844
37.66071319580078
37.73214340209961
37.642860412597656
37.75
37.73214340209961
37.78571319580078
37.83928680419922
37.875
37.91071319580078
37.85714340209961
37.85714340209961
37.85714340209961
37.85714340209961
37.85714340209961
37.85714340209961
37.85714340209961
37.83928680419922
37.69643020629883
37.75
37.92857360839844
37.892860412597656
37.892860412597656
37.96428680419922
37.96428680419922
38.0
37.92857360839844
37.94643020629883
38.017860412597656
37.98214340209961
38.07143020629883
37.96428680419922
38.03571319580078
38.10714340209961
38.10714340209961
38.10714340209961
38.125
38.10714340209961
38.19643020629883
38.142860412597656
38.125
38.16071319580078
38.142860412597656
38.17857360839844
38.30357360839844
38.25
38.17857360839844
38.23214340209961
38.19643020629883
38.35714340209961
38.267860412597656
38.16071319580078
38.32143020629883
38.42857360839844
38.30357360839844
38.44643020629883
38.392860412597656
38.33928680419922
38.32143020629883
38.32143020629883
38.33928680419922
38.33928680419922
38.375
38.41071319580078
38.517860412597656
38.44643020629883
38.375
38.41071319580078
38.44643020629883
38.5
38.48214340209961
38.44643020629883
38.46428680419922
38.5
38.5
38.46428680419922
38.625
38.60714340209961
38.60714340209961
38.60714340209961
38.53571319580078
38.71428680419922
38.67857360839844
38.71428680419922
38.67857360839844
38.642860412597656
38.642860412597656
38.60714340209961
38.60714340209961
38.625
38.57143020629883
38.642860412597656
38.60714340209961
38.642860412597656
38.66071319580078
38.58928680419922
38.625
38.67857360839844
38.85714340209961
38.75
38.642860412597656
38.73214340209961
38.58928680419922
38.767860412597656
38.73214340209961
38.78571319580078
38.83928680419922
38.75
38.892860412597656
38.91071319580078
38.85714340209961
38.85714340209961
38.85714340209961
38.94643020629883
38.83928680419922
38.98214340209961
38.875
38.96428680419922
39.0
38.98214340209961
38.96428680419922
39.0
39.0
38.94643020629883
38.98214340209961
38.94643020629883
38.875
38.92857360839844
39.0
39.0
39.07143020629883
38.98214340209961
39.017860412597656
39.03571319580078
39.10714340209961
39.05357360839844
39.05357360839844
39.07143020629883
39.07143020629883
39.05357360839844
39.05357360839844
38.94643020629883
39.142860412597656
39.16071319580078
39.07143020629883
39.08928680419922
39.07143020629883
39.07143020629883
39.08928680419922
39.10714340209961
39.17857360839844
39.19643020629883
39.05357360839844
39.142860412597656
39.16071319580078
39.19643020629883
39.10714340209961
39.17857360839844
39.19643020629883
39.21428680419922
39.267860412597656
39.267860412597656
39.23214340209961
39.32143020629883
39.23214340209961
39.10714340209961
39.267860412597656
40.16071319580078
40.21428680419922
40.17857360839844
40.16071319580078
40.25
40.19643020629883
40.267860412597656
40.375
40.25
40.28571319580078
40.267860412597656
40.21428680419922
40.23214340209961
40.142860412597656
40.267860412597656
40.392860412597656
40.392860412597656
40.35714340209961
40.392860412597656
40.375
40.33928680419922
40.32143020629883
40.375
40.32143020629883
40.30357360839844
40.32143020629883
40.267860412597656
40.392860412597656
40.392860412597656
40.35714340209961
40.48214340209961
40.35714340209961
40.392860412597656
40.48214340209961
40.42857360839844
40.392860412597656
40.41071319580078
40.48214340209961
40.30357360839844
40.55357360839844
40.53571319580078
40.41071319580078
40.35714340209961
40.42857360839844
40.44643020629883
40.392860412597656
40.44643020629883
40.42857360839844
40.41071319580078
40.42857360839844
40.44643020629883
40.44643020629883
40.35714340209961
40.44643020629883
40.35714340209961
40.33928680419922
40.33928680419922
40.5
40.42857360839844
40.48214340209961
40.41071319580078
40.46428680419922
40.42857360839844
40.41071319580078
40.392860412597656
40.41071319580078
40.33928680419922
40.30357360839844
40.41071319580078
40.41071319580078
40.33928680419922
40.28571319580078
40.392860412597656
40.25
40.30357360839844
40.392860412597656
40.41071319580078
40.33928680419922
40.392860412597656
40.35714340209961
40.33928680419922
40.392860412597656
33.83928680419922
33.78571319580078
33.78571319580078
33.78571319580078
33.91071319580078
33.82143020629883
33.80357360839844
33.80357360839844
33.80357360839844
33.75
33.83928680419922
33.82143020629883
33.82143020629883
33.82143020629883
33.82143020629883
33.85714340209961
33.82143020629883
33.80357360839844
33.69643020629883
33.85714340209961
33.91071319580078
33.83928680419922
33.89285659790039
33.875
33.85714340209961
33.80357360839844
33.75
33.89285659790039
33.91071319580078
33.83928680419922
33.83928680419922
33.91071319580078
33.875
33.80357360839844
33.78571319580078
33.78571319580078
33.78571319580078
33.75
33.76785659790039
33.69643020629883
33.85714340209961
33.78571319580078
33.80357360839844
33.80357360839844
33.96428680419922
33.83928680419922
33.85714340209961
33.76785659790039
33.91071319580078
33.89285659790039
33.89285659790039
33.78571319580078
33.78571319580078
33.875
33.73214340209961
33.83928680419922
33.80357360839844
33.875
33.85714340209961
33.92857360839844
33.85714340209961
33.83928680419922
33.78571319580078
33.83928680419922
33.85714340209961
33.83928680419922
33.82143020629883
33.92857360839844
33.98214340209961
33.875
33.89285659790039
33.80357360839844
33.83928680419922
33.89285659790039
33.92857360839844
33.82143020629883
33.92857360839844
33.82143020629883
33.83928680419922
33.875
33.96428680419922
33.83928680419922
33.83928680419922
33.83928680419922
33.85714340209961
33.80357360839844
33.78571319580078
33.82143020629883
33.76785659790039
33.89285659790039
33.875
33.80357360839844
33.96428680419922
33.83928680419922
33.91071319580078
33.80357360839844
33.83928680419922
33.89285659790039
33.89285659790039
33.83928680419922
33.82143020629883
33.85714340209961
33.89285659790039
33.91071319580078
33.91071319580078
33.91071319580078
33.89285659790039
33.80357360839844
33.83928680419922
33.91071319580078
33.78571319580078
33.85714340209961
33.89285659790039
33.94643020629883
33.98214340209961
33.94643020629883
33.875
33.875
34.0
33.875
33.85714340209961
33.98214340209961
33.89285659790039
33.85714340209961
33.875
33.91071319580078
33.91071319580078
33.89285659790039
33.94643020629883
33.96428680419922
33.96428680419922
33.94643020629883
34.0
33.91071319580078
33.94643020629883
33.91071319580078
34.01785659790039
33.89285659790039
33.98214340209961
34.0
33.96428680419922
34.0
33.94643020629883
33.98214340209961
33.92857360839844
34.03571319580078
34.0
33.83928680419922
33.94643020629883
33.91071319580078
34.08928680419922
34.0
34.0
33.92857360839844
33.92857360839844
34.01785659790039
34.01785659790039
33.94643020629883
34.0
33.94643020629883
33.91071319580078
33.96428680419922
34.01785659790039
33.91071319580078
33.96428680419922
33.98214340209961
33.96428680419922
33.98214340209961
33.96428680419922
33.98214340209961
33.92857360839844
34.01785659790039
34.03571319580078
34.03571319580078
34.10714340209961
33.94643020629883
34.03571319580078
33.98214340209961
34.0
33.98214340209961
33.94643020629883
34.01785659790039
34.01785659790039
33.96428680419922
33.98214340209961
34.03571319580078
34.03571319580078
34.01785659790039
34.07143020629883
33.92857360839844
34.03571319580078
34.01785659790039
34.01785659790039
34.125
34.07143020629883
33.96428680419922
34.0
34.08928680419922
34.05357360839844
34.03571319580078
34.10714340209961
33.98214340209961
33.98214340209961
34.03571319580078
34.07143020629883
34.125
34.10714340209961
34.05357360839844
34.07143020629883
34.05357360839844
33.91071319580078
33.91071319580078
34.03571319580078
34.03571319580078
34.03571319580078
34.01785659790039
34.0
34.16071319580078
34.01785659790039
34.03571319580078
34.08928680419922
34.01785659790039
34.01785659790039
34.03571319580078
33.98214340209961
34.0
34.08928680419922
34.0
33.96428680419922
34.07143020629883
34.03571319580078
34.10714340209961
34.01785659790039
34.125
34.05357360839844
34.10714340209961
33.94643020629883
34.08928680419922
34.14285659790039
34.08928680419922
34.0
34.01785659790039
34.10714340209961
34.08928680419922
34.01785659790039
34.07143020629883
33.98214340209961
34.03571319580078
34.125
34.08928680419922
34.07143020629883
34.03571319580078
34.14285659790039
34.125
34.05357360839844
34.17857360839844
34.01785659790039
34.14285659790039
34.10714340209961
34.07143020629883
34.10714340209961
34.01785659790039
34.07143020629883
34.08928680419922
34.17857360839844
33.98214340209961
34.14285659790039
34.125
34.17857360839844
34.08928680419922
34.125
34.16071319580078
34.125
34.16071319580078
34.14285659790039
34.10714340209961
34.14285659790039
34.125
34.10714340209961
34.19643020629883
34.17857360839844
34.19643020629883
34.16071319580078
34.21428680419922
34.23214340209961
34.25
34.30357360839844
34.25
34.19643020629883
34.19643020629883
34.21428680419922
34.28571319580078
34.21428680419922
34.28571319580078
34.23214340209961
34.32143020629883
34.17857360839844
34.125
34.19643020629883
34.23214340209961
34.14285659790039
34.21428680419922
34.125
34.21428680419922
34.26785659790039
34.26785659790039
34.26785659790039
34.21428680419922
34.14285659790039
34.35714340209961
34.25
34.30357360839844
34.26785659790039
34.30357360839844
34.33928680419922
34.375
34.28571319580078
34.28571319580078
34.21428680419922
34.32143020629883
34.17857360839844
34.25
34.41071319580078
34.26785659790039
34.26785659790039
34.25
34.28571319580078
34.25
34.16071319580078
34.28571319580078
34.35714340209961
34.16071319580078
34.17857360839844
34.19643020629883
34.30357360839844
34.25
34.23214340209961
34.23214340209961
34.26785659790039
34.28571319580078
34.32143020629883
34.30357360839844
34.26785659790039
34.33928680419922
34.375
34.41071319580078
34.46428680419922
34.28571319580078
34.375
34.32143020629883
34.35714340209961
34.35714340209961
34.26785659790039
34.42857360839844
34.42857360839844
34.42857360839844
34.375
34.33928680419922
34.33928680419922
34.33928680419922
34.33928680419922
34.28571319580078
34.30357360839844
34.33928680419922
34.26785659790039
34.32143020629883
34.35714340209961
34.33928680419922
34.42857360839844
34.41071319580078
34.35714340209961
34.39285659790039
34.42857360839844
34.35714340209961
34.33928680419922
34.44643020629883
34.46428680419922
34.42857360839844
34.375
34.51785659790039
34.46428680419922
34.46428680419922
34.42857360839844
34.44643020629883
34.41071319580078
34.41071319580078
34.48214340209961
34.35714340209961
34.39285659790039
34.46428680419922
34.44643020629883
34.44643020629883
34.41071319580078
34.44643020629883
34.39285659790039
34.42857360839844
34.375
34.42857360839844
34.5
34.48214340209961
34.55357360839844
34.30357360839844
34.41071319580078
34.44643020629883
34.33928680419922
34.48214340209961
34.51785659790039
34.51785659790039
34.48214340209961
34.375
34.46428680419922
34.46428680419922
34.44643020629883
34.5
34.41071319580078
34.44643020629883
34.48214340209961
34.46428680419922
34.5
34.41071319580078
34.5
34.46428680419922
34.44643020629883
34.46428680419922
34.53571319580078
34.51785659790039
34.55357360839844
34.53571319580078
34.55357360839844
34.42857360839844
34.44643020629883
34.58928680419922
34.57143020629883
34.58928680419922
34.58928680419922
34.5
34.60714340209961
34.58928680419922
34.64285659790039
34.60714340209961
34.58928680419922
34.55357360839844
34.60714340209961
34.60714340209961
34.60714340209961
34.66071319580078
34.58928680419922
34.58928680419922
34.53571319580078
34.55357360839844
34.60714340209961
34.5
34.64285659790039
34.60714340209961
34.58928680419922
34.625
34.53571319580078
34.41071319580078
34.53571319580078
34.5
34.57143020629883
34.67857360839844
34.71428680419922
34.64285659790039
34.60714340209961
34.60714340209961
34.57143020629883
34.66071319580078
34.67857360839844
34.58928680419922
34.73214340209961
34.73214340209961
34.66071319580078
34.60714340209961
34.71428680419922
34.58928680419922
34.66071319580078
34.66071319580078
34.69643020629883
34.66071319580078
34.69643020629883
34.625
34.64285659790039
34.60714340209961
34.625
34.66071319580078
34.73214340209961
34.64285659790039
34.82143020629883
34.78571319580078
34.66071319580078
34.67857360839844
34.85714340209961
34.85714340209961
34.73214340209961
34.73214340209961
34.67857360839844
34.73214340209961
34.76785659790039
34.69643020629883
34.71428680419922
34.69643020629883
34.82143020629883
34.80357360839844
34.69643020629883
34.78571319580078
34.64285659790039
34.80357360839844
34.64285659790039
34.71428680419922
34.73214340209961
34.75
34.76785659790039
34.82143020629883
34.76785659790039
34.75
34.83928680419922
34.73214340209961
34.69643020629883
34.73214340209961
34.73214340209961
34.76785659790039
34.75
34.78571319580078
34.76785659790039
34.875
34.73214340209961
34.71428680419922
34.76785659790039
34.80357360839844
34.83928680419922
34.73214340209961
34.85714340209961
34.76785659790039
34.82143020629883
34.78571319580078
34.89285659790039
34.76785659790039
34.98214340209961
34.76785659790039
34.75
34.875
34.83928680419922
34.75
34.82143020629883
34.75
34.80357360839844
34.76785659790039
34.85714340209961
34.78571319580078
34.80357360839844
34.80357360839844
34.82143020629883
34.85714340209961
34.69643020629883
34.83928680419922
34.71428680419922
34.75
34.83928680419922
34.80357360839844
34.80357360839844
34.75
34.83928680419922
34.83928680419922
34.875
34.80357360839844
34.92857360839844
34.85714340209961
34.75
34.80357360839844
34.85714340209961
34.80357360839844
34.78571319580078
34.875
34.82143020629883
34.83928680419922
34.89285659790039
34.83928680419922
34.80357360839844
34.83928680419922
34.89285659790039
34.89285659790039
34.78571319580078
34.78571319580078
34.83928680419922
34.76785659790039
34.92857360839844
34.89285659790039
34.875
34.78571319580078
34.82143020629883
34.82143020629883
34.96428680419922
34.875
34.92857360839844
34.91071319580078
34.94643020629883
34.89285659790039
34.96428680419922
34.92857360839844
34.92857360839844
34.98214340209961
35.0
34.875
34.85714340209961
34.98214340209961
34.92857360839844
35.01785659790039
34.98214340209961
34.89285659790039
34.96428680419922
34.85714340209961
34.94643020629883
35.01785659790039
34.92857360839844
34.98214340209961
34.94643020629883
34.92857360839844
34.875
34.94643020629883
34.94643020629883
34.94643020629883
34.96428680419922
34.89285659790039
34.91071319580078
34.875
34.83928680419922
35.05357360839844
34.98214340209961
35.0
34.92857360839844
34.92857360839844
34.94643020629883
34.91071319580078
35.03571319580078
34.92857360839844
34.89285659790039
35.05357360839844
35.01785659790039
34.98214340209961
34.98214340209961
34.89285659790039
35.07143020629883
35.16071319580078
35.03571319580078
34.98214340209961
35.01785659790039
35.07143020629883
35.08928680419922
35.08928680419922
35.01785659790039
35.0
35.01785659790039
35.07143020629883
35.03571319580078
35.05357360839844
34.96428680419922
35.03571319580078
35.03571319580078
35.05357360839844
35.08928680419922
35.10714340209961
35.03571319580078
35.125
35.10714340209961
35.03571319580078
35.0
35.14285659790039
35.19643020629883
35.03571319580078
35.05357360839844
35.17857360839844
35.125
35.10714340209961
35.14285659790039
35.0
35.125
35.10714340209961
35.05357360839844
34.94643020629883
35.0
35.01785659790039
35.125
34.98214340209961
35.03571319580078
35.0
35.17857360839844
35.21428680419922
35.125
35.19643020629883
35.125
35.17857360839844
35.14285659790039
35.125
35.125
35.14285659790039
35.125
35.16071319580078
35.14285659790039
35.16071319580078
35.08928680419922
35.28571319580078
35.10714340209961
35.125
35.21428680419922
35.21428680419922
35.07143020629883
35.21428680419922
35.125
35.21428680419922
35.23214340209961
35.19643020629883
35.10714340209961
35.14285659790039
35.17857360839844
35.17857360839844
35.23214340209961
35.14285659790039
35.21428680419922
35.14285659790039
35.16071319580078
35.125
35.28571319580078
35.21428680419922
35.25
35.28571319580078
35.21428680419922
35.19643020629883
35.30357360839844
35.23214340209961
35.25
35.25
35.17857360839844
35.17857360839844
35.21428680419922
35.23214340209961
35.26785659790039
35.25
35.17857360839844
35.125
35.21428680419922
35.30357360839844
35.21428680419922
35.33928680419922
35.23214340209961
35.17857360839844
35.21428680419922
35.25
35.26785659790039
35.25
35.32143020629883
35.35714340209961
35.26785659790039
35.33928680419922
35.30357360839844
35.30357360839844
35.35714340209961
35.28571319580078
35.28571319580078
35.32143020629883
35.25
35.30357360839844
35.33928680419922
35.41071319580078
35.44643020629883
35.42857360839844
35.28571319580078
35.23214340209961
35.25
35.33928680419922
35.23214340209961
35.32143020629883
35.32143020629883
35.39285659790039
35.28571319580078
35.26785659790039
35.28571319580078
35.25
35.23214340209961
35.41071319580078
35.35714340209961
35.375
35.33928680419922
35.32143020629883
35.26785659790039
35.28571319580078
35.33928680419922
35.32143020629883
35.28571319580078
35.35714340209961
35.33928680419922
35.30357360839844
35.30357360839844
35.375
35.33928680419922
35.33928680419922
35.32143020629883
35.32143020629883
35.32143020629883
35.30357360839844
35.46428680419922
35.33928680419922
35.28571319580078
35.44643020629883
35.42857360839844
35.42857360839844
35.42857360839844
35.41071319580078
35.46428680419922
35.375
35.32143020629883
35.35714340209961
35.375
35.44643020629883
35.41071319580078
35.30357360839844
35.35714340209961
35.41071319580078
35.32143020629883
35.46428680419922
35.30357360839844
35.42857360839844
35.39285659790039
35.46428680419922
35.375
35.46428680419922
35.46428680419922
35.33928680419922
35.32143020629883
35.42857360839844
35.32143020629883
35.41071319580078
35.5
35.35714340209961
35.32143020629883
35.41071319580078
35.5
35.5
35.39285659790039
35.44643020629883
35.42857360839844
35.44643020629883
35.35714340209961
35.375
35.39285659790039
35.28571319580078
35.42857360839844
35.39285659790039
35.41071319580078
35.375
35.35714340209961
35.39285659790039
35.42857360839844
35.42857360839844
35.39285659790039
35.42857360839844
35.39285659790039
35.375
35.55357360839844
35.46428680419922
35.33928680419922
35.44643020629883
35.5
35.46428680419922
35.41071319580078
35.48214340209961
35.55357360839844
35.57143020629883
35.55357360839844
35.58928680419922
35.57143020629883
35.55357360839844
35.60714340209961
35.53571319580078
35.58928680419922
35.51785659790039
35.41071319580078
35.42857360839844
35.55357360839844
35.51785659790039
35.5
35.41071319580078
35.44643020629883
35.57143020629883
35.53571319580078
35.55357360839844
35.46428680419922
35.48214340209961
35.58928680419922
35.51785659790039
35.46428680419922
35.58928680419922
35.55357360839844
35.53571319580078
35.5
35.48214340209961
35.55357360839844
35.48214340209961
35.5
35.58928680419922
35.51785659790039
35.5
35.5
35.5
35.51785659790039
35.44643020629883
35.5
35.53571319580078
35.5
35.51785659790039
35.55357360839844
35.46428680419922
35.58928680419922
35.57143020629883
35.53571319580078
35.64285659790039
35.66071319580078
35.64285659790039
35.58928680419922
35.53571319580078
35.57143020629883
35.46428680419922
35.53571319580078
35.57143020629883
35.57143020629883
35.53571319580078
35.67857360839844
35.57143020629883
35.60714340209961
35.57143020629883
35.57143020629883
35.64285659790039
35.60714340209961
35.71428680419922
35.55357360839844
35.69643020629883
35.625
35.53571319580078
35.55357360839844
35.64285659790039
35.58928680419922
35.625
35.64285659790039
35.53571319580078
35.60714340209961
35.55357360839844
35.55357360839844
35.57143020629883
35.67857360839844
35.60714340209961
35.67857360839844
35.58928680419922
35.625
35.625
35.625
35.66071319580078
35.625
35.67857360839844
35.67857360839844
35.67857360839844
35.66071319580078
35.78571319580078
35.73214340209961
35.69643020629883
35.69643020629883
35.71428680419922
35.625
35.64285659790039
35.69643020629883
35.66071319580078
35.64285659790039
35.67857360839844
35.67857360839844
35.66071319580078
35.66071319580078
35.67857360839844
35.625
35.60714340209961
35.66071319580078
35.69643020629883
35.58928680419922
35.66071319580078
35.64285659790039
35.57143020629883
35.625
35.60714340209961
35.66071319580078
35.66071319580078
35.625
35.69643020629883
35.57143020629883
35.69643020629883
35.67857360839844
35.55357360839844
35.66071319580078
35.76785659790039
35.67857360839844
35.57143020629883
35.625
35.64285659790039
35.64285659790039
35.73214340209961
35.69643020629883
35.66071319580078
35.53571319580078
35.66071319580078
35.71428680419922
35.67857360839844
35.67857360839844
35.66071319580078
35.60714340209961
35.82143020629883
35.64285659790039
35.71428680419922
35.73214340209961
35.80357360839844
35.71428680419922
35.76785659790039
35.69643020629883
35.71428680419922
35.76785659790039
35.66071319580078
35.66071319580078
35.71428680419922
35.73214340209961
35.69643020629883
35.66071319580078
35.76785659790039
35.73214340209961
35.71428680419922
35.67857360839844
35.75
35.78571319580078
35.64285659790039
35.73214340209961
35.60714340209961
35.75
35.66071319580078
35.78571319580078
35.60714340209961
35.67857360839844
35.75
35.75
35.75
35.73214340209961
35.69643020629883
35.76785659790039
35.71428680419922
35.71428680419922
35.73214340209961
35.73214340209961
35.85714340209961
35.82143020629883
35.76785659790039
35.76785659790039
35.82143020629883
35.80357360839844
35.78571319580078
35.83928680419922
35.73214340209961
35.80357360839844
35.82143020629883
35.78571319580078
35.98214340209961
35.83928680419922
35.73214340209961
35.85714340209961
35.69643020629883
35.82143020629883
35.76785659790039
35.75
35.80357360839844
35.80357360839844
35.76785659790039
35.75
35.73214340209961
35.71428680419922
35.75
35.75
35.67857360839844
35.76785659790039
35.69643020629883
35.76785659790039
35.75
35.71428680419922
35.75
35.75
35.75
35.73214340209961
35.76785659790039
35.71428680419922
35.71428680419922
35.78571319580078
35.76785659790039
35.82143020629883
35.83928680419922
35.71428680419922
35.71428680419922
35.76785659790039
35.78571319580078
35.67857360839844
35.80357360839844
35.78571319580078
35.75
35.73214340209961
35.76785659790039
35.80357360839844
35.75
35.80357360839844
35.76785659790039
35.60714340209961
35.69643020629883
35.85714340209961
35.75
35.69643020629883
35.71428680419922
35.76785659790039
35.76785659790039
35.75
35.875
35.83928680419922
35.76785659790039
35.83928680419922
35.80357360839844
35.78571319580078
35.76785659790039
35.83928680419922
35.83928680419922
35.75
35.73214340209961
35.76785659790039
35.76785659790039
35.75
35.83928680419922
35.73214340209961
35.73214340209961
35.80357360839844
35.80357360839844
35.80357360839844
35.83928680419922
35.89285659790039
35.80357360839844
35.82143020629883
35.83928680419922
35.83928680419922
35.89285659790039
35.875
35.83928680419922
35.83928680419922
35.82143020629883
35.78571319580078
35.80357360839844
35.76785659790039
35.85714340209961
35.83928680419922
35.85714340209961
35.89285659790039
35.85714340209961
35.875
35.875
35.92857360839844
35.89285659790039
35.89285659790039
35.91071319580078
35.80357360839844
35.85714340209961
35.78571319580078
35.875
35.82143020629883
35.82143020629883
35.875
35.89285659790039
35.75
35.91071319580078
35.80357360839844
35.80357360839844
35.83928680419922
35.91071319580078
35.89285659790039
35.96428680419922
35.91071319580078
35.89285659790039
35.82143020629883
35.82143020629883
35.85714340209961
35.89285659790039
35.80357360839844
35.85714340209961
35.89285659790039
35.91071319580078
35.78571319580078
35.875
35.92857360839844
36.01785659790039
35.85714340209961
35.92857360839844
35.85714340209961
35.875
35.85714340209961
35.875
35.875
35.80357360839844
35.91071319580078
35.89285659790039
35.83928680419922
35.94643020629883
35.94643020629883
35.91071319580078
35.91071319580078
35.83928680419922
35.85714340209961
35.875
35.91071319580078
35.92857360839844
35.83928680419922
35.92857360839844
35.96428680419922
35.91071319580078
35.96428680419922
36.01785659790039
36.03571319580078
35.91071319580078
35.89285659790039
35.85714340209961
35.89285659790039
35.875
36.01785659790039
35.92857360839844
35.91071319580078
35.98214340209961
35.98214340209961
35.91071319580078
35.96428680419922
35.89285659790039
36.03571319580078
35.98214340209961
35.85714340209961
35.89285659790039
35.92857360839844
35.92857360839844
35.94643020629883
35.96428680419922
35.91071319580078
35.94643020629883
35.96428680419922
35.94643020629883
35.91071319580078
36.0
35.875
35.89285659790039
35.91071319580078
36.0
36.03571319580078
35.96428680419922
36.01785659790039
35.94643020629883
36.05357360839844
36.0
36.08928680419922
35.96428680419922
35.94643020629883
35.94643020629883
35.875
35.89285659790039
35.91071319580078
35.94643020629883
36.01785659790039
35.96428680419922
35.98214340209961
36.0
35.92857360839844
35.98214340209961
35.96428680419922
35.96428680419922
36.07143020629883
35.98214340209961
35.96428680419922
35.98214340209961
35.94643020629883
36.03571319580078
36.0
36.03571319580078
36.03571319580078
35.96428680419922
36.03571319580078
36.0
35.92857360839844
36.03571319580078
36.0
35.98214340209961
36.03571319580078
36.05357360839844
36.03571319580078
36.17857360839844
36.125
35.94643020629883
36.10714340209961
36.05357360839844
36.0
36.0
36.05357360839844
35.98214340209961
35.98214340209961
35.98214340209961
35.98214340209961
35.98214340209961
36.05357360839844
36.01785659790039
36.01785659790039
35.94643020629883
36.01785659790039
35.92857360839844
35.98214340209961
35.98214340209961
35.98214340209961
35.98214340209961
35.91071319580078
36.05357360839844
36.05357360839844
35.96428680419922
36.0
35.96428680419922
35.94643020629883
36.10714340209961
36.01785659790039
35.85714340209961
36.07143020629883
36.01785659790039
35.98214340209961
35.98214340209961
36.03571319580078
36.01785659790039
36.0
35.89285659790039
35.98214340209961
36.01785659790039
36.01785659790039
36.14285659790039
36.01785659790039
36.08928680419922
36.05357360839844
36.07143020629883
36.05357360839844
35.96428680419922
36.03571319580078
36.0
36.01785659790039
36.10714340209961
36.03571319580078
36.03571319580078
36.0
36.08928680419922
36.07143020629883
36.14285659790039
35.98214340209961
35.98214340209961
35.98214340209961
36.07143020629883
36.03571319580078
36.10714340209961
36.125
36.03571319580078
36.17857360839844
35.96428680419922
36.0
35.96428680419922
36.03571319580078
35.98214340209961
36.08928680419922
36.03571319580078
36.03571319580078
36.03571319580078
36.03571319580078
36.03571319580078
36.14285659790039
36.08928680419922
36.07143020629883
36.14285659790039
36.01785659790039
36.03571319580078
36.14285659790039
36.05357360839844
36.07143020629883
36.08928680419922
36.07143020629883
36.03571319580078
36.10714340209961
36.01785659790039
36.07143020629883
36.14285659790039
36.08928680419922
36.05357360839844
36.14285659790039
36.17857360839844
36.07143020629883
36.08928680419922
36.08928680419922
36.05357360839844
36.21428680419922
36.01785659790039
36.08928680419922
36.16071319580078
36.19643020629883
36.16071319580078
36.16071319580078
36.03571319580078
36.05357360839844
36.05357360839844
36.05357360839844
36.10714340209961
36.07143020629883
36.08928680419922
36.19643020629883
36.07143020629883
36.07143020629883
36.10714340209961
36.10714340209961
36.07143020629883
36.10714340209961
36.14285659790039
36.01785659790039
36.14285659790039
36.03571319580078
36.05357360839844
36.08928680419922
36.07143020629883
36.08928680419922
36.07143020629883
36.16071319580078
36.10714340209961
36.14285659790039
36.05357360839844
36.19643020629883
36.08928680419922
36.16071319580078
36.28571319580078
36.21428680419922
36.03571319580078
36.05357360839844
36.25
36.14285659790039
36.19643020629883
36.26785659790039
36.21428680419922
36.125
36.08928680419922
36.25
36.14285659790039
36.16071319580078
36.10714340209961
36.16071319580078
36.14285659790039
36.16071319580078
36.23214340209961
36.10714340209961
36.14285659790039
36.14285659790039
36.17857360839844
36.21428680419922
36.16071319580078
36.17857360839844
36.19643020629883
36.25
36.17857360839844
36.17857360839844
36.17857360839844
36.17857360839844
36.16071319580078
36.23214340209961
36.21428680419922
36.16071319580078
36.19643020629883
36.19643020629883
36.28571319580078
36.21428680419922
36.16071319580078
36.25
36.14285659790039
36.19643020629883
36.21428680419922
36.17857360839844
36.32143020629883
36.21428680419922
36.19643020629883
36.25
36.21428680419922
36.28571319580078
36.32143020629883
36.26785659790039
36.30357360839844
36.21428680419922
36.28571319580078
36.21428680419922
36.23214340209961
36.19643020629883
36.17857360839844
36.26785659790039
36.25
36.23214340209961
36.23214340209961
36.21428680419922
36.30357360839844
36.25
36.32143020629883
36.19643020629883
36.28571319580078
36.19643020629883
36.17857360839844
36.25
36.25
36.16071319580078
36.32143020629883
36.17857360839844
36.16071319580078
36.25
36.25
36.21428680419922
36.33928680419922
36.32143020629883
36.28571319580078
36.17857360839844
36.26785659790039
36.25
36.26785659790039
36.21428680419922
36.28571319580078
36.26785659790039
36.26785659790039
36.30357360839844
36.23214340209961
36.21428680419922
36.25
36.32143020629883
36.26785659790039
36.32143020629883
36.26785659790039
36.32143020629883
36.28571319580078
36.28571319580078
36.375
36.30357360839844
36.26785659790039
36.30357360839844
36.32143020629883
36.33928680419922
36.23214340209961
36.26785659790039
36.30357360839844
36.32143020629883
36.41071319580078
36.35714340209961
36.33928680419922
36.35714340209961
36.25
36.35714340209961
36.42857360839844
36.21428680419922
36.23214340209961
36.33928680419922
36.33928680419922
36.375
36.44643020629883
36.375
36.375
36.33928680419922
36.30357360839844
36.35714340209961
36.26785659790039
36.33928680419922
36.35714340209961
36.375
36.30357360839844
36.26785659790039
36.25
36.26785659790039
36.25
36.30357360839844
36.26785659790039
36.30357360839844
36.33928680419922
36.26785659790039
36.26785659790039
36.26785659790039
36.375
36.26785659790039
36.375
36.21428680419922
36.25
36.35714340209961
36.25
36.33928680419922
36.32143020629883
36.33928680419922
36.30357360839844
36.16071319580078
36.26785659790039
36.28571319580078
36.32143020629883
36.26785659790039
36.23214340209961
36.23214340209961
36.28571319580078
36.21428680419922
36.25
36.32143020629883
36.23214340209961
36.33928680419922
36.35714340209961
36.35714340209961
36.28571319580078
36.375
36.30357360839844
36.39285659790039
36.44643020629883
36.35714340209961
36.39285659790039
36.33928680419922
36.375
36.41071319580078
36.375
36.32143020629883
36.42857360839844
36.39285659790039
36.28571319580078
36.23214340209961
36.44643020629883
36.35714340209961
36.35714340209961
36.42857360839844
36.42857360839844
36.46428680419922
36.375
36.39285659790039
36.46428680419922
36.39285659790039
36.42857360839844
36.42857360839844
36.5
36.39285659790039
36.42857360839844
36.39285659790039
36.44643020629883
36.42857360839844
36.32143020629883
36.41071319580078
36.42857360839844
36.39285659790039
36.33928680419922
36.375
36.30357360839844
36.33928680419922
36.30357360839844
36.30357360839844
36.33928680419922
36.33928680419922
36.35714340209961
36.32143020629883
36.375
36.44643020629883
36.48214340209961
36.42857360839844
36.375
36.48214340209961
36.44643020629883
36.41071319580078
36.41071319580078
36.35714340209961
36.44643020629883
36.48214340209961
36.39285659790039
36.5
36.46428680419922
36.32143020629883
36.44643020629883
36.375
36.42857360839844
36.44643020629883
36.39285659790039
36.44643020629883
36.42857360839844
36.48214340209961
36.48214340209961
36.44643020629883
36.46428680419922
36.44643020629883
36.44643020629883
36.42857360839844
36.42857360839844
36.39285659790039
36.44643020629883
36.375
36.46428680419922
36.55357360839844
36.375
36.46428680419922
36.41071319580078
36.42857360839844
36.5
36.5
36.5
36.46428680419922
36.41071319580078
36.44643020629883
36.35714340209961
36.46428680419922
36.44643020629883
36.42857360839844
36.48214340209961
36.46428680419922
36.48214340209961
36.46428680419922
36.44643020629883
36.5
36.517860412597656
36.5
36.5
36.42857360839844
36.55357360839844
36.44643020629883
36.48214340209961
36.53571319580078
36.44643020629883
36.46428680419922
36.53571319580078
36.58928680419922
36.5
36.48214340209961
36.53571319580078
36.5
36.55357360839844
36.53571319580078
36.55357360839844
36.44643020629883
36.46428680419922
36.42857360839844
36.53571319580078
36.53571319580078
36.53571319580078
36.55357360839844
36.48214340209961
36.55357360839844
36.46428680419922
36.46428680419922
36.5
36.46428680419922
36.5
36.5
36.57143020629883
36.48214340209961
36.57143020629883
36.41071319580078
36.44643020629883
36.57143020629883
36.48214340209961
36.44643020629883
36.41071319580078
36.46428680419922
36.53571319580078
36.517860412597656
36.5
36.48214340209961
36.517860412597656
36.46428680419922
36.46428680419922
36.44643020629883
36.48214340209961
36.5
36.517860412597656
36.53571319580078
36.53571319580078
36.48214340209961
36.5
36.375
36.48214340209961
36.39285659790039
36.46428680419922
36.44643020629883
36.39285659790039
36.39285659790039
36.39285659790039
36.48214340209961
36.5
36.48214340209961
36.5
36.41071319580078
36.48214340209961
36.53571319580078
36.41071319580078
36.41071319580078
36.517860412597656
36.42857360839844
36.5
36.48214340209961
36.53571319580078
36.46428680419922
36.48214340209961
36.375
36.53571319580078
36.5
36.53571319580078
36.5
36.53571319580078
36.5
36.53571319580078
36.48214340209961
36.5
36.57143020629883
36.517860412597656
36.55357360839844
36.48214340209961
36.517860412597656
36.5
36.46428680419922
36.46428680419922
36.5
36.55357360839844
36.46428680419922
36.44643020629883
36.57143020629883
36.60714340209961
36.44643020629883
36.5
36.46428680419922
36.44643020629883
36.39285659790039
36.58928680419922
36.48214340209961
36.44643020629883
36.53571319580078
36.53571319580078
36.517860412597656
36.53571319580078
36.48214340209961
36.517860412597656
36.625
36.46428680419922
36.53571319580078
36.5
36.48214340209961
36.60714340209961
34.23214340209961
34.30357360839844
34.30357360839844
34.21428680419922
34.28571319580078
34.35714340209961
34.25
34.32143020629883
34.23214340209961
34.33928680419922
34.375
34.33928680419922
34.35714340209961
34.35714340209961
34.35714340209961
34.44643020629883
34.39285659790039
34.33928680419922
34.35714340209961
34.28571319580078
34.33928680419922
34.30357360839844
34.41071319580078
34.375
34.28571319580078
34.35714340209961
34.41071319580078
34.46428680419922
34.32143020629883
34.39285659790039
34.41071319580078
34.35714340209961
34.28571319580078
34.39285659790039
34.42857360839844
34.35714340209961
34.41071319580078
34.44643020629883
34.44643020629883
34.35714340209961
34.42857360839844
34.42857360839844
34.46428680419922
34.41071319580078
34.44643020629883
34.48214340209961
34.42857360839844
34.46428680419922
34.46428680419922
34.33928680419922
34.33928680419922
34.35714340209961
34.375
34.44643020629883
34.39285659790039
34.44643020629883
34.44643020629883
34.39285659790039
34.44643020629883
34.41071319580078
34.42857360839844
34.44643020629883
34.48214340209961
34.41071319580078
34.42857360839844
34.41071319580078
34.46428680419922
34.41071319580078
34.41071319580078
34.5
34.42857360839844
34.48214340209961
34.48214340209961
34.44643020629883
34.55357360839844
34.375
34.51785659790039
34.46428680419922
34.44643020629883
34.46428680419922
34.5
34.5
34.48214340209961
34.39285659790039
34.39285659790039
34.44643020629883
34.39285659790039
34.33928680419922
34.41071319580078
34.39285659790039
34.35714340209961
34.44643020629883
34.46428680419922
34.41071319580078
34.42857360839844
34.39285659790039
34.39285659790039
34.41071319580078
34.375
34.39285659790039
34.46428680419922
34.33928680419922
34.39285659790039
34.35714340209961
34.41071319580078
34.33928680419922
34.41071319580078
34.23214340209961
34.375
34.35714340209961
34.41071319580078
34.39285659790039
34.46428680419922
34.42857360839844
34.375
34.39285659790039
34.46428680419922
34.5
34.375
34.42857360839844
34.375
34.5
34.48214340209961
34.5
34.42857360839844
34.46428680419922
34.5
34.42857360839844
34.44643020629883
34.48214340209961
34.53571319580078
34.5
34.5
34.44643020629883
34.46428680419922
34.53571319580078
34.48214340209961
34.46428680419922
34.58928680419922
34.55357360839844
34.53571319580078
34.53571319580078
34.51785659790039
34.48214340209961
34.5
34.60714340209961
34.55357360839844
34.53571319580078
34.53571319580078
34.53571319580078
34.60714340209961
34.67857360839844
34.625
34.41071319580078
34.58928680419922
34.53571319580078
34.55357360839844
34.55357360839844
34.64285659790039
34.55357360839844
34.53571319580078
34.625
34.44643020629883
34.5
34.57143020629883
34.42857360839844
34.58928680419922
34.55357360839844
34.55357360839844
34.51785659790039
34.60714340209961
34.55357360839844
34.46428680419922
34.46428680419922
34.64285659790039
34.53571319580078
34.55357360839844
34.57143020629883
34.53571319580078
34.51785659790039
34.53571319580078
34.57143020629883
34.57143020629883
34.57143020629883
34.53571319580078
34.60714340209961
34.58928680419922
34.69643020629883
34.67857360839844
34.60714340209961
34.625
34.64285659790039
34.60714340209961
34.64285659790039
34.55357360839844
34.64285659790039
34.58928680419922
34.71428680419922
34.60714340209961
34.625
34.57143020629883
34.66071319580078
34.66071319580078
34.64285659790039
34.51785659790039
34.53571319580078
34.625
34.60714340209961
34.66071319580078
34.60714340209961
34.60714340209961
34.625
34.64285659790039
34.625
34.625
34.57143020629883
34.625
34.58928680419922
34.64285659790039
34.64285659790039
34.57143020629883
34.58928680419922
34.60714340209961
34.57143020629883
34.625
34.66071319580078
34.64285659790039
34.57143020629883
34.55357360839844
34.46428680419922
34.60714340209961
34.55357360839844
34.55357360839844
34.60714340209961
34.57143020629883
34.46428680419922
34.51785659790039
34.58928680419922
34.625
34.60714340209961
34.64285659790039
34.55357360839844
34.5
34.58928680419922
34.55357360839844
34.58928680419922
34.5
34.55357360839844
34.51785659790039
34.42857360839844
34.51785659790039
34.60714340209961
34.48214340209961
34.57143020629883
34.48214340209961
34.57143020629883
34.57143020629883
34.55357360839844
34.625
34.58928680419922
34.57143020629883
34.66071319580078
34.60714340209961
34.60714340209961
34.64285659790039
34.57143020629883
34.69643020629883
34.64285659790039
34.64285659790039
34.67857360839844
34.60714340209961
34.73214340209961
34.55357360839844
34.625
34.66071319580078
34.46428680419922
34.48214340209961
34.60714340209961
34.60714340209961
34.67857360839844
34.64285659790039
34.66071319580078
34.58928680419922
34.57143020629883
34.60714340209961
34.66071319580078
34.60714340209961
34.60714340209961
34.55357360839844
34.57143020629883
34.57143020629883
34.64285659790039
34.71428680419922
34.66071319580078
34.60714340209961
34.64285659790039
34.60714340209961
34.64285659790039
34.625
34.60714340209961
34.60714340209961
34.625
34.67857360839844
34.76785659790039
34.69643020629883
34.75
34.69643020629883
34.625
34.69643020629883
34.625
34.55357360839844
34.60714340209961
34.64285659790039
34.60714340209961
34.625
34.64285659790039
34.60714340209961
34.69643020629883
34.64285659790039
34.60714340209961
34.73214340209961
34.75
34.69643020629883
34.67857360839844
34.66071319580078
34.75
34.75
34.73214340209961
34.60714340209961
34.75
34.67857360839844
34.73214340209961
34.66071319580078
34.69643020629883
34.67857360839844
34.69643020629883
34.73214340209961
34.69643020629883
34.75
34.73214340209961
34.73214340209961
34.69643020629883
34.66071319580078
34.60714340209961
34.625
34.66071319580078
34.625
34.66071319580078
34.76785659790039
34.66071319580078
34.78571319580078
34.75
34.73214340209961
34.75
34.60714340209961
34.73214340209961
34.69643020629883
34.69643020629883
34.66071319580078
34.69643020629883
34.75
34.69643020629883
34.67857360839844
34.71428680419922
34.67857360839844
34.69643020629883
34.66071319580078
34.80357360839844
34.71428680419922
34.75
34.67857360839844
34.78571319580078
34.73214340209961
34.76785659790039
34.78571319580078
34.67857360839844
34.75
34.71428680419922
34.73214340209961
34.66071319580078
34.75
34.71428680419922
34.76785659790039
34.76785659790039
34.73214340209961
34.69643020629883
34.80357360839844
34.78571319580078
34.85714340209961
34.75
34.875
34.83928680419922
34.78571319580078
34.75
34.78571319580078
34.75
34.75
34.82143020629883
34.78571319580078
34.80357360839844
34.73214340209961
34.71428680419922
34.80357360839844
34.82143020629883
34.875
34.76785659790039
34.80357360839844
34.85714340209961
34.89285659790039
34.875
34.76785659790039
34.75
34.83928680419922
34.78571319580078
34.80357360839844
34.89285659790039
34.875
34.82143020629883
34.83928680419922
34.94643020629883
34.80357360839844
34.82143020629883
34.82143020629883
34.82143020629883
34.91071319580078
34.80357360839844
34.85714340209961
34.89285659790039
34.83928680419922
34.875
34.78571319580078
34.83928680419922
34.98214340209961
34.82143020629883
34.82143020629883
